K15a13248  [-10,-30,-22,-16,-2,-4,-28,-20,-24,-8,-26,-18,-6,-14,-12]
K15a27490  [-12,-30,-24,-16,-20,-2,-4,-28,-22,-10,-26,-6,-18,-8,-14]
K15a36705  [-12,-30,-28,-16,-22,-2,-10,-8,-26,-24,-4,-14,-18,-6,-20]

16a54243  [(4,10,12,18,26,2,32,20,8,28,14,30,6,16,24,22)]
16a56298  [(4,10,12,20,26,2,32,30,6,24,28,8,18,22,16,14)]
16a56425  [(4,10,12,20,28,2,32,22,6,26,16,30,8,18,24,14)]
16a102663  [(-4,-10,-24,-18,-12,-2,-32,-30,-22,-26,-8,-28,-20,-6,-16,-14)]
16a111118  [(4,12,14,18,22,28,2,32,8,6,26,30,10,20,24,16)]
16a116535  [(4,12,14,24,18,2,32,30,22,26,10,28,20,8,16,6)]
16a117375  [(4,12,14,24,30,20,2,32,26,6,10,28,18,8,22,16)]
16a117866  [(4,12,14,26,20,28,2,32,22,10,30,16,8,6,18,24)]
16a118397  [(4,12,14,28,20,24,2,32,30,10,26,6,18,8,22,16)]
16a159814  [(-4,-12,-24,-30,-16,-14,-2,-22,-28,-26,-10,-32,-20,-18,-8,-6)]
16a161406  [(-4,-12,-26,-18,-22,-14,-2,-32,-30,-24,-10,-28,-6,-20,-8,-16)]
16a206784  [(-4,-14,-26,-30,-20,-18,-16,-2,-24,-10,-28,-12,-32,-22,-8,-6)]
16a222216  [(4,16,18,26,20,32,22,28,2,10,8,30,14,6,24,12)]
16a222365  [(4,16,18,26,28,22,30,24,2,32,12,6,14,10,8,20)]
16a328556  [(6,14,26,16,20,22,4,24,32,30,28,12,2,10,8,18)]
16a328600  [(6,14,26,16,22,28,4,24,32,30,12,8,2,20,10,18)]
16a328601  [(6,14,26,16,22,30,4,24,32,10,28,8,2,12,20,18)]
16a328633  [(6,14,26,16,28,20,4,24,32,30,10,8,2,12,22,18)]
16a328808  [(6,14,26,18,30,16,4,24,10,32,28,12,2,22,20,8)]
16a329987  [(6,14,26,32,20,16,4,24,10,30,28,12,2,22,8,18)]
16a331299  [(6,14,30,20,16,24,4,28,26,8,32,12,18,10,2,22)]
16a331358  [(6,14,30,20,26,18,4,28,24,8,32,12,10,16,2,22)]
16a341349  [(6,16,28,20,18,30,4,26,24,8,32,10,2,14,12,22)]
16a341647  [(6,16,28,32,18,22,4,26,24,30,12,10,2,14,20,8)]
16a357083  [(6,26,18,32,30,28,4,24,22,10,2,16,14,12,20,8)]
16a379237  [(10,14,28,16,24,22,4,2,26,30,12,32,8,6,20,18)]

17ah_0021481  [30,28,26,20,18,32,24,12,10,8,34,14,22,4,2,6,16]
17ah_0037743  [30,14,12,10,22,32,4,2,28,26,24,8,34,18,16,6,20]
17ah_0074686  [30,16,32,24,20,18,28,34,12,10,26,8,22,6,2,14,4]
17ah_0079118  [30,28,26,14,12,20,32,6,24,22,10,34,16,4,2,8,18]
17ah_0095199  [30,28,12,10,20,32,4,26,24,22,8,34,16,14,2,6,18]
17ah_0105655  [32,22,34,24,18,30,28,12,26,8,6,2,10,16,14,20,4]
17ah_0106352  [32,18,20,16,34,26,24,30,4,2,6,14,28,12,10,22,8]
17ah_0119522  [30,18,34,28,12,26,24,22,32,2,6,14,8,10,20,4,16]
17ah_0122091  [22,20,2,28,26,30,34,32,24,4,18,6,16,8,12,10,14]
17ah_0125519  [30,18,32,2,26,28,10,24,22,6,34,16,14,12,8,20,4]
17ah_0163008  [24,6,20,18,32,30,26,34,28,22,4,2,14,8,16,10,12]
17ah_0166953  [30,18,34,32,22,20,28,24,8,2,10,26,14,16,12,4,6]
17ah_0168119  [30,24,22,16,14,34,10,32,26,2,28,4,18,6,20,8,12]
17ah_0168368  [18,20,30,28,24,4,8,26,10,2,32,34,16,14,6,12,22]
17ah_0174637  [30,20,32,22,28,26,24,10,8,34,6,14,12,16,2,18,4]
17ah_0174676  [30,28,16,24,20,22,10,34,26,14,12,8,32,4,2,18,6]
17ah_0184192  [30,12,26,22,18,32,2,28,10,8,24,6,20,34,14,4,16]
17ah_0209834  [28,18,16,32,22,26,30,34,4,24,10,20,8,2,14,12,6]
17ah_0212599  [30,14,34,32,20,24,22,2,28,10,8,12,16,18,26,4,6]
17ah_0231930  [6,12,24,34,22,20,28,30,26,2,10,32,16,18,14,4,8]
17ah_0236683  [30,18,22,34,32,28,26,12,24,2,10,4,14,16,20,6,8]
17ah_0240757  [30,16,14,22,2,24,26,4,8,32,34,6,28,12,10,20,18]
17ah_0246977  [32,14,2,20,18,26,10,4,34,8,30,28,22,12,24,6,16]
17ah_0249234  [30,18,32,10,20,22,2,28,26,12,8,6,34,16,14,24,4]
17ah_0257187  [32,20,16,28,26,14,30,6,24,2,18,34,4,8,12,10,22]
17ah_0257721  [30,18,32,20,2,14,26,28,24,8,6,34,16,12,10,22,4]
17ah_0258883  [30,12,10,34,22,4,2,24,26,8,32,18,28,16,14,6,20]
17ah_0268171  [30,10,18,32,4,2,28,26,22,8,34,14,16,24,12,20,6]
17ah_0273845  [30,28,20,18,32,22,26,24,8,34,12,10,14,4,2,16,6]
17ah_0282034  [32,28,10,34,20,4,26,24,30,8,16,14,22,12,2,18,6]
17ah_0287002  [26,24,28,16,30,22,10,8,34,32,12,20,2,6,4,14,18]
17ah_0287970  [30,28,16,22,20,32,24,6,26,10,34,14,12,4,2,18,8]
17ah_0291742  [30,28,14,12,34,22,6,4,24,10,32,26,16,18,2,8,20]
17ah_0296771  [32,16,2,30,22,20,24,12,4,34,10,26,14,8,6,28,18]
17ah_0300196  [32,8,24,18,30,28,34,4,22,26,6,16,20,14,10,2,12]
17ah_0304053  [28,12,16,22,34,26,24,6,4,32,30,14,2,10,8,20,18]
17ah_0305312  [30,16,34,28,12,26,24,22,2,6,32,14,8,10,18,4,20]
17ah_0308932  [32,22,20,24,28,34,30,12,26,16,4,8,6,18,2,14,10]
17ah_0309156  [28,12,22,20,34,32,16,24,4,30,6,26,14,2,8,18,10]
17ah_0314867  [30,16,32,18,28,24,20,34,8,6,26,12,22,10,2,14,4]
17ah_0329559  [32,12,30,14,22,2,8,6,20,28,26,10,34,18,16,4,24]
17ah_0335287  [30,10,18,32,4,28,24,20,34,8,26,14,22,12,2,16,6]
17ah_0345788  [32,14,34,18,28,24,22,2,8,30,6,26,12,10,16,20,4]
17ah_0345789  [32,14,34,22,20,30,26,2,28,10,24,8,6,16,12,18,4]
17ah_0346443  [32,30,16,22,4,34,2,28,24,6,26,18,8,20,14,12,10]
17ah_0347427  [30,12,24,22,34,18,28,26,4,10,8,32,16,14,2,6,20]
17ah_0347848  [30,14,24,22,20,32,4,28,26,10,34,6,12,16,2,18,8]
17ah_0349731  [30,18,34,22,20,26,28,6,32,2,8,14,12,24,10,4,16]
17ah_0349901  [30,18,16,34,28,26,10,24,4,2,8,32,12,14,20,6,22]
17ah_0351348  [30,28,12,20,32,6,4,26,14,24,10,34,16,18,2,22,8]
17ah_0353832  [30,10,34,20,24,2,26,28,14,8,6,32,18,16,12,4,22]
17ah_0355588  [32,26,18,16,30,34,2,24,6,4,14,28,20,8,22,12,10]
17ah_0360096  [30,28,24,16,14,22,32,8,26,6,12,34,18,4,2,10,20]
17ah_0364323  [30,28,10,20,32,4,16,24,22,8,34,26,14,12,2,6,18]
17ah_0364981  [30,28,10,34,22,4,16,24,26,8,32,18,14,12,2,6,20]
17ah_0368423  [30,14,18,32,24,20,4,28,34,12,26,10,22,8,2,16,6]
17ah_0378119  [30,18,16,26,6,24,34,28,4,2,14,32,8,10,20,12,22]
17ah_0380340  [30,18,16,32,2,24,26,22,4,8,34,14,28,12,10,20,6]
17ah_0382868  [30,22,20,18,32,24,28,26,8,34,4,12,10,14,2,16,6]
17ah_0389712  [28,12,22,30,34,18,16,24,4,10,32,26,14,2,8,6,20]
17ah_0389856  [30,18,22,32,2,28,26,12,24,8,34,4,14,16,10,20,6]
17ah_0394439  [28,14,18,22,30,34,26,24,6,4,32,16,2,12,10,8,20]
17ah_0394668  [32,20,10,34,24,4,18,12,28,14,2,8,30,16,26,22,6]
17ah_0394669  [32,28,20,34,14,24,16,10,30,8,4,26,12,22,2,18,6]
17ah_0399819  [32,8,18,4,22,2,30,12,28,6,26,10,34,20,16,14,24]
17ah_0401460  [30,10,20,24,34,28,16,26,12,6,4,32,18,14,2,8,22]
17ah_0404236  [30,16,14,22,34,24,26,4,2,10,32,6,28,12,18,8,20]
17ah_0405587  [32,22,16,20,34,30,28,24,4,10,2,6,14,12,26,18,8]
17ah_0409122  [30,14,34,20,24,26,10,2,28,8,6,32,12,18,16,4,22]
17ah_0417899  [32,16,24,14,34,26,10,4,2,22,30,28,6,12,20,18,8]
17ah_0425048  [30,16,32,22,20,26,24,34,28,12,8,6,18,10,2,14,4]
17ah_0425049  [30,20,32,14,24,22,28,26,6,34,12,10,16,8,2,18,4]
17ah_0425081  [30,14,34,22,26,24,32,2,28,16,8,6,10,18,20,4,12]
17ah_0428428  [32,8,14,4,22,2,30,6,28,26,18,10,34,20,16,12,24]
17ah_0432288  [32,18,16,12,20,34,6,28,4,8,2,26,30,14,24,22,10]
17ah_0432289  [32,14,2,28,26,16,30,4,10,24,18,34,20,8,12,6,22]
17ah_0432798  [32,12,20,24,30,34,22,18,26,6,28,8,16,14,4,2,10]
17ah_0436108  [30,14,32,20,24,22,34,18,26,8,6,10,28,16,2,12,4]
17ah_0442394  [28,24,18,30,22,20,34,26,32,8,10,4,2,14,12,6,16]
17ah_0454359  [32,22,2,10,18,30,28,26,8,16,14,4,34,20,12,6,24]
17ah_0454567  [28,24,18,16,22,34,26,32,6,8,30,4,2,12,10,20,14]
17ah_0456407  [32,14,30,16,28,18,2,6,12,10,26,34,20,24,8,4,22]
17ah_0456408  [32,12,34,28,24,2,22,20,26,30,14,10,16,8,18,6,4]
17ah_0467425  [30,16,34,20,28,26,10,24,2,8,6,32,12,14,18,4,22]
17ah_0470761  [32,10,34,30,20,2,28,24,22,6,12,26,16,14,8,18,4]
17ah_0470762  [32,26,34,22,18,16,28,6,20,10,8,30,12,2,24,14,4]
17ah_0477773  [30,28,20,18,32,4,24,26,14,6,10,34,16,12,2,22,8]
17ah_0478865  [32,14,26,30,24,22,28,20,34,2,6,10,12,4,8,18,16]
17ah_0481964  [30,28,14,34,26,22,20,4,8,32,24,10,12,16,2,6,18]
17ah_0489542  [30,12,16,24,20,34,28,6,4,32,26,8,22,14,2,10,18]
17ah_0491795  [30,10,34,22,20,2,24,26,6,32,8,16,28,14,12,4,18]
17ah_0494972  [30,16,32,2,22,20,26,12,6,34,10,28,14,24,8,18,4]
17ah_0495174  [30,28,24,12,20,32,26,6,22,10,34,16,14,4,2,8,18]
17ah_0500217  [30,14,22,20,32,24,4,28,26,8,34,12,10,16,2,18,6]
17ah_0502752  [32,14,2,22,30,28,26,4,34,10,8,6,18,12,20,24,16]
17ah_0504816  [30,28,2,26,16,34,24,22,8,12,32,14,18,4,6,10,20]
17ah_0504876  [30,14,20,18,28,24,34,8,26,6,4,32,10,16,2,12,22]
17ah_0507013  [30,28,18,14,22,32,8,6,26,24,34,12,4,16,2,20,10]
17ah_0509310  [26,24,16,28,22,20,30,6,34,12,32,8,2,4,14,10,18]
17ah_0524998  [30,12,34,18,24,22,2,28,8,6,32,10,14,16,26,4,20]
17ah_0530119  [30,14,24,22,32,18,4,28,26,10,8,34,12,16,2,20,6]
17ah_0531636  [30,16,12,22,32,6,4,28,26,24,34,10,18,2,14,20,8]
17ah_0542758  [30,16,32,22,20,28,24,34,10,26,8,6,12,18,2,14,4]
17ah_0542759  [30,16,32,20,28,24,22,34,8,26,6,12,10,18,2,14,4]
17ah_0545364  [30,28,16,34,20,8,26,24,4,10,12,32,14,18,2,6,22]
17ah_0545661  [32,24,30,28,14,22,34,8,6,26,10,2,20,18,16,4,12]
17ah_0548144  [30,12,20,18,26,34,28,8,24,6,4,32,16,14,2,10,22]
17ah_0550895  [32,16,22,30,20,2,28,26,10,34,6,4,14,24,12,8,18]
17ah_0558539  [30,28,12,34,24,22,4,26,14,8,32,10,16,18,2,6,20]
17ah_0560665  [32,26,16,28,4,24,22,34,8,30,2,12,10,18,6,20,14]
17ah_0577905  [30,16,24,22,32,18,26,4,28,10,8,34,14,12,2,20,6]
17ah_0582049  [30,20,18,24,32,2,26,28,14,4,10,34,6,16,12,22,8]
17ah_0589152  [30,12,20,24,32,4,2,28,14,26,10,34,6,16,18,22,8]
17ah_0590657  [30,18,16,24,32,26,6,22,4,28,34,14,12,10,2,20,8]
17ah_0599031  [32,20,34,30,6,26,24,28,12,10,2,14,18,16,22,8,4]
17ah_0599032  [32,14,34,24,22,26,18,2,12,16,30,28,6,10,8,20,4]
17ah_0600942  [30,14,20,34,28,24,22,2,8,32,4,26,10,12,16,6,18]
17ah_0603007  [30,10,22,34,24,2,16,26,28,8,32,4,18,14,12,6,20]
17ah_0605005  [30,14,18,26,22,32,4,2,28,12,34,6,8,24,16,20,10]
17ah_0606200  [30,14,20,18,26,24,34,28,10,6,4,32,16,8,2,12,22]
17ah_0609448  [32,16,24,20,34,14,30,28,2,10,26,4,22,6,12,18,8]
17ah_0610364  [28,18,16,30,2,24,26,12,4,8,34,32,14,10,20,6,22]
17ah_0615482  [32,30,26,12,22,4,24,8,2,34,28,14,6,10,20,16,18]
17ah_0615770  [30,20,32,14,22,28,26,24,6,34,10,16,8,12,2,18,4]
17ah_0615771  [30,16,32,20,26,24,22,34,28,10,6,12,18,8,2,14,4]
17ah_0618043  [30,26,14,12,22,32,6,28,4,24,10,34,18,16,2,8,20]
17ah_0618653  [32,24,34,20,28,16,8,26,10,14,6,2,30,18,12,22,4]
17ah_0631242  [30,20,18,26,6,24,32,2,28,4,14,34,8,10,16,22,12]
17ah_0633558  [32,22,16,24,20,34,30,28,4,12,2,8,6,14,26,18,10]
17ah_0635544  [26,12,22,20,28,34,24,4,32,8,30,14,2,10,6,18,16]
17ah_0638642  [28,16,30,34,26,14,24,22,2,8,32,10,12,18,6,4,20]
17ah_0640486  [30,14,24,34,20,8,26,2,28,10,12,32,4,18,16,6,22]
17ah_0651478  [30,18,16,26,22,32,6,24,4,28,34,8,14,12,2,20,10]
17ah_0654282  [32,14,18,34,24,28,22,2,8,4,12,20,30,10,26,16,6]
17ah_0654283  [32,20,24,34,12,30,26,18,28,14,2,8,4,16,10,22,6]
17ah_0669706  [30,14,22,34,24,26,10,2,28,8,32,4,12,18,16,6,20]
17ah_0670702  [30,14,20,18,16,28,34,26,24,6,4,32,8,10,2,12,22]
17ah_0674520  [26,12,22,30,18,28,2,24,32,8,6,34,14,4,10,20,16]
17ah_0675026  [28,14,24,34,32,18,26,2,20,10,12,30,4,16,6,22,8]
17ah_0676637  [30,28,22,14,32,20,8,34,26,16,10,4,18,24,2,6,12]
17ah_0677124  [32,20,28,26,24,34,8,22,30,2,18,14,12,6,16,4,10]
17ah_0681480  [30,18,10,34,24,4,16,26,12,2,8,32,28,14,20,6,22]
17ah_0690344  [32,8,26,4,18,2,30,28,22,10,34,16,14,6,24,12,20]
17ah_0690365  [32,20,30,22,28,26,34,10,24,2,6,18,16,14,8,4,12]
17ah_0706582  [32,12,18,28,24,4,20,2,30,10,14,34,8,6,26,16,22]
17ah_0717021  [32,18,24,12,34,22,6,28,26,2,10,14,4,30,16,20,8]
17ah_0717296  [30,16,24,20,32,26,4,22,28,34,6,14,12,10,2,18,8]
17ah_0718205  [30,16,34,24,22,14,26,10,2,6,32,8,28,12,18,4,20]
17ah_0729879  [30,12,18,24,22,34,28,26,8,4,32,16,6,14,2,10,20]
17ah_0730037  [30,24,22,12,20,32,16,26,6,10,34,4,28,14,2,8,18]
17ah_0734436  [32,22,2,16,20,14,30,28,6,10,26,4,34,8,12,18,24]
17ah_0734790  [30,28,18,14,20,24,34,6,26,10,8,32,4,16,2,12,22]
17ah_0736904  [32,24,28,26,14,2,18,10,34,30,6,4,8,22,20,12,16]
17ah_0736905  [32,12,26,30,28,4,18,34,22,2,16,8,6,10,24,20,14]
17ah_0738408  [30,28,16,20,32,22,6,26,24,34,12,10,4,14,2,18,8]
17ah_0738894  [18,16,24,28,22,26,20,32,30,34,8,12,6,10,4,2,14]
17ah_0744645  [32,22,34,30,28,8,18,24,6,26,14,2,20,12,10,16,4]
17ah_0744646  [32,14,34,30,22,20,26,2,12,10,18,28,6,16,8,24,4]
17ah_0761222  [32,22,18,28,26,4,30,8,6,10,2,20,34,16,14,12,24]
17ah_0766409  [32,20,18,34,26,28,30,10,8,2,4,12,14,16,24,22,6]
17ah_0767124  [32,30,10,28,18,4,20,26,6,14,12,34,2,8,16,24,22]
17ah_0770083  [30,14,22,26,24,4,34,28,32,8,6,10,20,18,2,16,12]
17ah_0773534  [32,18,28,30,22,2,26,12,24,10,34,4,16,14,8,6,20]
17ah_0774308  [32,28,26,18,34,30,22,20,10,2,24,14,12,4,6,16,8]
17ah_0784526  [28,24,18,16,32,22,34,26,6,10,30,4,2,14,12,20,8]
17ah_0788560  [32,16,24,34,20,14,28,26,2,8,30,10,4,12,22,18,6]
17ah_0798778  [30,12,18,26,22,34,28,6,24,4,32,8,16,14,2,10,20]
17ah_0817621  [32,10,26,18,30,22,2,34,8,24,28,12,6,20,4,16,14]
17ah_0820061  [32,30,16,24,4,2,34,20,26,6,14,28,18,8,22,10,12]
17ah_0846737  [30,16,14,18,20,24,34,4,28,26,10,32,8,6,2,12,22]
17ah_0853802  [26,12,20,30,16,28,2,24,8,6,34,32,14,4,10,18,22]
17ah_0857997  [32,8,24,18,30,34,28,6,22,14,4,16,20,12,26,2,10]
17ah_0857998  [32,16,24,12,4,22,6,10,30,34,28,14,8,20,26,2,18]
17ah_0869474  [28,24,16,14,34,22,30,6,26,4,12,32,18,2,8,20,10]
17ah_0878737  [30,14,32,2,28,26,18,6,34,24,12,10,20,22,8,16,4]
17ah_0878738  [30,20,32,2,14,28,26,10,12,24,6,34,18,16,8,22,4]
17ah_0884226  [32,22,24,16,20,34,28,26,6,12,4,2,8,30,14,18,10]
17ah_0893581  [30,14,26,20,32,22,6,28,24,34,12,10,16,4,2,18,8]
17ah_0895063  [30,14,24,20,32,4,22,28,26,34,6,12,10,16,2,18,8]
17ah_0895632  [30,18,14,24,32,20,6,4,28,26,10,34,12,2,16,22,8]
17ah_0898824  [30,10,34,28,20,2,24,12,6,32,26,14,22,8,16,4,18]
17ah_0905506  [30,32,18,34,24,26,28,10,8,4,12,14,16,22,20,2,6]
17ah_0906334  [32,22,26,16,24,2,34,20,28,8,30,10,4,18,6,14,12]
17ah_0928252  [30,18,16,26,32,20,6,24,4,28,10,34,14,12,2,22,8]
17ah_0932902  [32,24,26,20,34,14,30,28,22,10,2,16,6,4,12,18,8]
17ah_0933763  [30,16,14,20,28,24,34,4,8,26,6,32,10,18,2,12,22]
17ah_0937143  [32,24,26,18,28,8,22,34,30,6,16,4,2,12,10,20,14]
17ah_0937375  [32,22,20,18,26,16,24,34,30,28,4,12,2,8,6,10,14]
17ah_0941866  [30,18,32,2,12,24,16,26,22,6,34,28,10,14,8,20,4]
17ah_0942526  [10,20,14,24,22,2,26,4,30,28,34,32,6,16,18,12,8]
17ah_0957382  [32,8,18,30,24,20,2,34,6,26,10,28,12,22,4,16,14]
17ah_0957383  [32,8,24,30,16,26,18,28,12,2,34,6,14,10,4,22,20]
17ah_0957384  [32,8,24,30,14,18,28,10,26,2,34,6,12,16,4,22,20]
17ah_0957385  [32,8,18,30,22,26,2,34,6,24,28,12,20,10,4,16,14]
17ah_0959508  [32,18,26,30,28,16,20,34,4,12,2,8,6,10,24,22,14]
17ah_0959509  [32,24,28,26,2,18,30,20,34,12,6,4,8,22,14,10,16]
17ah_0964841  [32,10,26,16,4,2,30,20,28,8,14,34,12,18,6,24,22]
17ah_0967760  [32,16,34,26,18,22,6,2,30,24,12,28,8,20,10,14,4]
17ah_0973756  [32,20,30,26,22,34,4,24,28,14,2,8,16,6,18,12,10]
17ah_0978908  [30,16,14,20,26,24,34,4,28,10,6,32,18,8,2,12,22]
17ah_0996290  [32,24,14,2,34,22,18,26,6,28,12,30,16,4,20,10,8]
17ah_0998100  [30,16,14,18,34,24,20,4,28,26,10,32,12,6,2,8,22]
17ah_0999524  [30,16,12,24,34,20,4,28,26,6,10,32,18,2,14,8,22]
17ah_1002677  [32,24,34,30,12,20,18,26,6,10,28,14,2,22,8,16,4]
17ah_1007507  [30,20,12,32,2,24,4,18,26,14,8,34,28,16,10,22,6]
17ah_1018453  [32,12,22,30,34,16,6,24,10,26,14,4,28,20,18,2,8]
17ah_1028359  [30,22,18,26,24,28,8,6,32,4,34,10,14,12,2,16,20]
17ah_1028360  [30,20,16,24,28,26,6,32,4,34,10,8,12,22,2,14,18]
17ah_1039249  [32,22,12,28,4,20,8,26,34,24,10,2,30,14,6,18,16]
17ah_1041958  [32,20,26,12,22,34,6,30,28,16,8,2,14,4,18,24,10]
17ah_1050831  [32,20,28,18,12,26,24,34,30,6,2,16,10,4,8,22,14]
17ah_1053129  [32,22,12,30,20,2,8,18,28,26,4,10,34,16,14,6,24]
17ah_1058334  [32,14,28,26,18,34,30,8,22,2,12,16,6,24,4,20,10]
17ah_1070681  [30,12,18,26,34,20,28,6,24,4,10,32,16,14,2,8,22]
17ah_1072765  [32,22,14,18,26,34,24,20,8,28,4,2,30,16,6,12,10]
17ah_1085623  [32,12,28,20,34,30,6,26,14,24,2,10,18,16,4,22,8]
17ah_1097147  [30,14,22,32,18,24,4,28,10,26,34,12,8,16,2,20,6]
17ah_1097623  [32,18,14,26,34,24,28,2,30,4,12,10,22,6,20,16,8]
17ah_1099160  [30,18,34,28,24,22,32,26,14,2,6,10,16,8,20,4,12]
17ah_1105422  [30,14,22,32,24,26,4,28,12,10,34,8,18,16,2,20,6]
17ah_1111258  [32,22,16,20,26,8,2,30,6,28,4,12,34,10,18,14,24]
17ah_1113254  [30,14,22,32,26,18,4,28,24,8,34,12,10,16,2,20,6]
17ah_1139578  [32,24,30,28,14,18,34,26,10,2,6,4,16,8,22,20,12]
17ah_1143650  [32,18,34,26,30,28,6,24,14,2,10,8,16,12,22,20,4]
17ah_1143651  [32,18,34,26,6,24,30,28,10,2,14,12,16,8,22,20,4]
17ah_1144358  [30,14,22,32,16,24,4,28,26,8,34,12,18,10,2,20,6]
17ah_1160072  [32,16,24,34,30,8,22,20,2,28,26,12,4,14,18,10,6]
17ah_1166169  [32,8,16,28,2,30,18,6,26,12,34,10,14,4,24,22,20]
17ah_1176193  [30,20,18,14,2,24,32,6,26,4,8,34,28,16,10,22,12]
17ah_1181486  [30,16,20,18,24,32,22,34,28,26,4,12,8,6,2,10,14]
17ah_1195784  [30,16,14,24,20,18,34,4,28,26,6,32,8,10,2,12,22]
17ah_1200640  [32,16,26,20,34,14,30,28,6,24,2,10,18,4,12,22,8]
17ah_1215781  [32,20,30,28,14,24,2,8,26,16,12,34,4,18,6,10,22]
17ah_1216402  [30,28,12,18,16,34,26,20,22,24,10,8,32,4,2,14,6]
17ah_1216721  [30,28,14,22,32,24,26,4,12,10,8,34,18,16,2,6,20]
17ah_1220720  [32,10,18,16,26,20,2,30,28,24,12,34,4,8,6,14,22]
17ah_1226651  [32,14,34,30,20,18,22,2,12,28,26,16,6,10,8,24,4]
17ah_1229320  [30,18,28,12,34,24,16,26,4,2,10,32,6,14,20,8,22]
17ah_1232730  [30,14,24,20,32,26,4,28,12,6,10,34,18,16,2,22,8]
17ah_1235344  [32,14,28,16,20,34,30,8,6,26,2,12,18,24,4,22,10]
17ah_1235413  [32,22,14,24,4,20,28,8,30,34,10,16,6,12,26,2,18]
17ah_1267780  [30,14,22,26,24,4,34,28,8,6,32,10,18,16,2,20,12]
17ah_1268145  [32,22,18,24,28,26,34,10,6,2,30,4,16,14,8,20,12]
17ah_1269546  [30,12,34,28,26,18,2,6,32,24,10,8,20,22,14,4,16]
17ah_1269547  [30,18,34,28,14,16,8,26,24,2,6,32,12,10,20,4,22]
17ah_1275416  [32,14,26,18,34,16,22,2,30,6,28,12,20,4,24,10,8]
17ah_1276204  [30,28,16,18,14,22,32,4,26,24,12,34,8,6,2,10,20]
17ah_1276668  [30,28,16,4,18,22,34,6,26,24,12,32,8,14,2,20,10]
17ah_1279831  [32,24,14,2,34,22,26,4,28,10,30,18,6,16,12,20,8]
17ah_1280700  [32,26,14,22,34,20,28,4,12,10,18,2,30,6,16,24,8]
17ah_1285572  [32,20,28,12,2,24,6,26,14,30,8,34,18,16,4,10,22]
17ah_1286208  [32,14,30,28,20,6,4,22,2,10,26,16,34,8,12,18,24]
17ah_1288855  [10,20,28,16,22,2,26,24,6,30,34,32,14,18,4,12,8]
17ah_1305407  [32,26,14,28,4,24,18,8,30,12,2,34,10,16,6,20,22]
17ah_1308420  [30,28,22,24,26,20,32,8,6,12,34,16,14,4,2,10,18]
17ah_1319649  [30,26,14,12,34,22,6,2,28,10,32,18,16,4,24,8,20]
17ah_1320155  [30,26,14,28,32,18,2,24,12,10,34,6,4,16,22,20,8]
17ah_1321908  [32,24,28,12,2,22,6,4,26,8,34,30,18,16,14,10,20]
17ah_1329160  [32,22,28,26,2,20,6,24,8,34,30,16,14,12,4,10,18]
17ah_1344387  [30,14,24,26,16,28,34,10,8,6,4,32,20,18,2,12,22]
17ah_1357107  [32,18,22,26,24,34,8,4,30,2,28,14,12,6,16,20,10]
17ah_1360420  [32,28,24,16,22,2,34,26,6,14,30,4,8,18,10,20,12]
17ah_1364047  [30,14,20,24,26,28,34,10,8,6,4,32,18,16,2,12,22]
17ah_1381537  [30,26,28,14,20,24,34,6,4,10,8,32,2,18,16,12,22]
17ah_1383972  [32,10,20,18,16,22,34,30,28,6,26,2,14,4,8,24,12]
17ah_1394201  [30,12,28,24,32,2,20,26,6,4,10,34,16,14,18,22,8]
17ah_1399759  [30,26,12,18,32,6,2,28,22,10,34,16,14,4,24,20,8]
17ah_1402231  [30,12,34,26,20,32,2,22,8,24,28,6,18,16,14,4,10]
17ah_1403674  [30,16,28,26,14,24,34,8,4,6,10,32,20,18,2,12,22]
17ah_1412355  [30,28,16,24,26,6,22,34,10,8,14,32,18,4,2,20,12]
17ah_1423264  [32,26,16,2,24,14,20,28,4,12,10,34,30,6,18,8,22]
17ah_1423608  [30,26,28,20,32,22,6,4,24,34,12,10,2,16,14,18,8]
17ah_1426464  [28,24,26,14,32,22,34,6,4,10,30,2,18,16,12,20,8]
17ah_1430529  [32,16,26,12,2,20,6,28,8,34,24,30,14,4,22,10,18]
17ah_1432367  [30,14,32,2,28,26,24,6,34,12,10,18,20,22,8,16,4]
17ah_1432425  [30,16,24,14,34,28,26,4,2,10,32,12,6,22,18,8,20]
17ah_1435851  [32,20,14,24,34,22,18,26,6,28,2,30,16,4,12,10,8]
17ah_1438162  [32,14,30,28,26,2,22,10,34,6,4,12,18,8,20,24,16]
17ah_1448126  [30,16,12,26,34,28,24,4,2,10,32,6,14,22,18,8,20]
17ah_1458356  [30,14,32,2,22,28,26,6,34,12,10,8,18,20,24,16,4]
17ah_1458357  [30,14,32,2,28,26,24,6,34,10,8,18,12,20,22,16,4]
17ah_1466824  [14,12,24,20,16,28,26,30,6,32,8,34,4,2,10,22,18]
17ah_1469348  [30,28,26,24,20,32,6,4,22,10,34,12,14,16,2,8,18]
17ah_1472308  [32,8,16,26,2,20,4,24,12,34,28,6,14,30,22,10,18]
17ah_1483975  [30,10,28,16,4,2,22,32,26,8,34,6,18,24,12,20,14]
17ah_1486627  [30,18,14,20,24,32,22,4,34,28,26,12,8,6,2,10,16]
17ah_1487241  [32,14,30,28,18,26,4,20,34,10,2,6,12,8,24,22,16]
17ah_1487410  [30,12,34,18,26,22,2,24,10,6,32,28,8,16,14,4,20]
17ah_1495204  [32,10,28,26,30,20,34,8,6,24,2,14,18,16,4,22,12]
17ah_1508827  [30,20,18,16,14,24,34,28,26,4,10,32,2,6,8,12,22]
17ah_1516369  [30,16,24,26,34,22,6,4,2,10,32,28,14,12,18,8,20]
17ah_1540328  [30,8,16,14,20,32,2,28,26,24,12,34,18,4,6,22,10]
17ah_1545695  [30,20,32,2,16,18,8,28,26,24,6,34,12,10,14,22,4]
17ah_1545696  [30,14,32,2,22,20,24,6,34,26,28,18,12,10,8,16,4]
17ah_1551169  [32,24,30,28,14,2,20,26,10,34,6,4,16,8,22,12,18]
17ah_1551771  [30,18,24,16,32,2,28,26,4,10,34,14,6,22,12,20,8]
17ah_1552850  [32,30,16,26,4,22,34,28,8,24,2,14,18,6,10,20,12]
17ah_1571551  [30,20,16,24,32,2,28,26,6,14,10,34,4,18,12,22,8]
17ah_1583712  [32,14,34,28,26,30,22,2,12,8,6,16,10,20,18,24,4]
17ah_1583713  [32,14,34,30,22,28,26,2,8,12,10,16,6,20,18,24,4]
17ah_1583912  [30,12,34,28,18,24,2,6,20,8,26,32,10,16,14,4,22]
17ah_1585568  [30,28,14,26,34,24,20,4,2,6,10,32,12,18,16,8,22]
17ah_1586230  [32,24,30,16,20,34,4,28,8,26,6,14,2,18,22,12,10]
17ah_1589441  [30,16,14,32,2,28,26,4,8,34,12,10,20,22,24,18,6]
17ah_1589442  [30,22,20,32,2,28,26,10,12,14,4,8,34,18,16,24,6]
17ah_1603351  [30,20,26,28,14,24,34,8,6,4,10,32,2,18,16,12,22]
17ah_1605749  [30,14,26,22,32,24,28,2,12,10,8,34,18,4,16,6,20]
17ah_1626832  [32,12,28,26,2,22,8,34,30,6,4,10,16,20,18,24,14]
17ah_1628761  [32,10,18,16,26,20,34,30,28,24,2,14,4,8,6,22,12]
17ah_1639649  [30,12,34,28,26,24,2,6,32,10,8,18,20,22,14,4,16]
17ah_1652817  [30,16,14,20,32,22,28,26,24,34,12,10,2,4,6,18,8]
17ah_1665173  [28,8,16,14,18,30,2,26,24,12,34,32,4,6,20,10,22]
17ah_1668172  [30,18,28,14,32,2,22,26,4,10,34,6,16,24,12,20,8]
17ah_1669988  [28,22,24,30,34,20,4,2,10,32,26,14,12,16,8,6,18]
17ah_1674996  [30,10,28,14,4,20,34,26,8,32,2,6,16,24,22,12,18]
17ah_1678839  [28,14,24,26,4,22,34,8,6,30,12,32,16,2,20,18,10]
17ah_1681987  [30,8,18,16,20,32,2,28,26,24,12,34,4,6,14,22,10]
17ah_1687026  [30,24,26,12,34,22,6,4,2,10,32,28,16,14,18,8,20]
17ah_1702797  [30,16,34,20,18,6,26,24,2,28,12,32,14,8,10,4,22]
17ah_1705987  [32,8,18,30,22,28,26,34,6,12,10,2,16,20,4,24,14]
17ah_1707807  [30,12,26,24,16,34,28,10,32,6,4,18,20,22,2,14,8]
17ah_1716712  [30,22,28,26,32,24,20,34,6,10,2,12,18,16,4,14,8]
17ah_1718429  [30,12,34,20,18,24,2,6,26,28,16,32,10,8,14,4,22]
17ah_1732582  [30,18,24,26,32,2,22,6,4,10,34,28,16,14,12,20,8]
17ah_1735924  [32,22,14,18,16,2,20,28,26,6,30,10,34,8,4,12,24]
17ah_1736908  [32,22,14,26,4,30,28,8,2,12,10,16,34,6,20,18,24]
17ah_1749824  [30,12,34,28,26,24,2,6,10,8,16,32,18,20,14,4,22]
17ah_1750688  [30,28,14,32,24,2,20,26,8,34,4,10,16,22,12,18,6]
17ah_1751013  [28,22,14,30,2,26,32,24,8,34,10,16,4,20,18,6,12]
17ah_1761986  [30,8,16,14,18,34,28,26,24,2,12,32,4,6,20,10,22]
17ah_1763391  [30,22,14,32,2,28,26,4,10,12,16,8,34,20,18,24,6]
17ah_1769384  [30,22,14,32,4,28,26,8,2,12,10,16,34,20,18,24,6]

17nh_0306506  [26,-6,-20,-24,-18,-22,-8,-28,-32,-10,-4,-12,2,-30,-14,-34,-16]
17nh_0396712  [26,-18,-16,-4,-20,-28,-32,-22,-6,-24,-14,-8,2,-30,-10,-34,-12]
17nh_0469788  [26,-6,-20,-24,-18,-28,-32,-22,-8,-14,-4,-16,2,-30,-10,-34,-12]
17nh_0576165  [26,-12,-16,-28,-32,-18,-24,-22,-10,-4,-14,-20,2,-30,-6,-34,-8]
17nh_0697138  [26,24,20,34,18,4,30,2,10,8,28,12,16,-32,22,14,6]
17nh_0741841  [26,12,10,20,34,4,18,30,24,6,28,14,2,-32,22,16,8]
17nh_0938048  [26,-6,-14,-24,-20,-32,-22,-4,-8,-28,-12,-16,2,-30,-18,-34,-10]
17nh_0972173  [20,18,24,2,16,30,28,34,4,8,-26,32,6,14,12,22,10]
17nh_1023293  [10,28,22,26,2,-16,24,30,8,4,32,6,12,18,34,14,20]
17nh_1179012  [26,-20,-14,-28,-18,-4,-22,-8,-32,-10,-24,-12,2,-30,-6,-34,-16]
17nh_1266417  [26,12,20,34,18,16,30,2,24,8,28,4,10,-32,22,14,6]
17nh_1266523  [20,18,24,2,16,28,34,32,4,8,-26,30,6,12,22,10,14]
17nh_1282606  [26,8,12,34,16,4,28,10,20,24,30,18,2,-32,14,22,6]
17nh_1308418  [12,28,32,24,26,2,-18,22,30,10,6,14,8,20,34,16,4]
17nh_1315031  [16,28,22,32,24,34,20,30,-26,6,14,18,10,4,2,12,8]
17nh_1656117  [12,28,20,18,30,2,-8,24,14,34,26,16,32,4,10,22,6]
17nh_1735385  [24,10,16,34,14,30,2,22,28,26,4,8,-32,18,20,12,6]
17nh_1753147  [20,12,28,26,14,4,18,30,10,2,-8,32,22,34,16,24,6]
17nh_1867183  [16,24,30,2,26,14,20,34,-22,28,12,6,8,32,18,4,10]
17nh_1920837  [6,24,28,-12,16,26,32,8,30,34,18,4,10,2,22,14,20]
17nh_1944470  [26,8,18,34,14,30,24,22,4,28,16,10,2,-32,20,12,6]
17nh_1991515  [10,18,32,22,34,-16,30,24,4,2,28,26,14,8,6,12,20]
17nh_2002469  [18,16,30,12,26,34,22,6,2,-28,32,14,20,10,4,24,8]
17nh_2003348  [20,16,10,18,30,4,26,34,6,2,-28,32,22,14,8,24,12]
17nh_2046355  [12,28,20,18,24,2,-8,32,14,34,26,10,30,4,22,16,6]
17nh_2100694  [26,24,12,18,20,4,30,6,22,32,34,16,2,-10,14,28,8]
17nh_2292076  [20,18,12,28,34,16,24,6,32,2,-30,14,22,8,26,4,10]
17nh_2298578  [12,28,24,14,26,2,-18,6,30,10,4,32,8,20,34,16,22]
17nh_2310728  [26,8,30,24,14,18,34,22,10,28,16,4,2,-32,20,6,12]
17nh_2340153  [16,24,32,14,12,30,20,34,-22,28,8,4,2,6,10,18,26]
17nh_2369010  [26,8,32,34,14,24,16,10,30,4,6,12,2,-22,18,28,20]
17nh_2421340  [12,10,24,14,20,28,-18,6,30,26,4,32,8,2,34,16,22]
17nh_2482714  [20,12,16,24,28,34,18,6,32,2,-30,8,22,10,26,14,4]
17nh_2532100  [6,28,20,-12,32,18,24,8,30,2,26,14,34,4,10,16,22]
17nh_2544378  [28,26,20,22,34,18,8,4,10,24,30,32,16,2,-14,6,12]
17nh_2968759  [28,26,18,34,22,30,24,8,4,12,10,32,6,2,-16,20,14]
17nh_3076607  [10,22,16,26,34,-20,6,32,12,28,4,2,30,18,8,14,24]
17nh_3108610  [28,20,12,2,32,30,4,10,24,6,8,26,16,34,-18,14,22]
17nh_3509871  [22,20,12,34,28,4,32,30,26,6,2,-10,14,8,16,24,18]
17nh_3783995  [14,28,10,16,18,32,2,-20,24,26,30,6,8,34,12,22,4]
17nh_3796576  [28,12,22,16,18,4,2,20,24,26,32,30,8,34,-10,6,14]
17nh_3869040  [8,30,16,32,-14,18,20,4,24,26,34,28,10,12,6,2,22]
17nh_3913191  [20,28,14,2,34,30,4,22,12,8,-26,16,32,6,18,24,10]
17nh_4000679  [28,20,30,16,22,2,18,6,26,32,10,4,14,34,-8,24,12]
17nh_4323721  [28,18,12,14,34,16,30,32,26,2,10,8,4,20,-24,6,22]
17nh_4474467  [8,26,32,16,-14,20,22,2,24,30,28,34,6,10,12,4,18]
17nh_4952898  [28,18,8,24,32,30,22,2,26,10,12,6,34,16,-14,20,4]
17nh_5194997  [12,30,14,16,32,20,-18,24,26,2,28,8,6,34,10,4,22]
17nh_5907648  [28,12,18,16,2,26,20,22,24,32,30,6,34,10,-8,14,4]
